ESTACIONES:[2	4	5	7	9	13	14	15	16	17	21	22	23	24	25	28	32	33	36	37	38	39	42	44	45	46	49	50	51	53	57	60	62	66	67	68	72	73	75	77	78	79	166	167	168	169	170	171	172	173	175	177	178	181	184	185	186	187	188	189	190	191	192	193	194	195	196	197	198	199	200	201	202	203	204	205	206	207	208	209	210	211	212	213	214	215	216	217	218	219	220	221	222	223	224	225	226	227	228	229	230	231	232	233	234	235	236	237	238	239	240	241	242	243	244	245	246	247	248	249	250	251	252	253	258	261	284	285	286	287	288	289	290	291	301	302	303	304	305	306	307	308	309	310	311	312	313	314	315	316	325	326	327	328	329	330	331	332	333	334	335	345	346	347	348	349	350	351	352	353	354	355	361	362	363	364	365	366	367	368	369	370	371	379	380	381	382	383	384	385	386	387	388	389	390	391	392	393	394	395	396	413	414	415	416	417	418	419	420	421	422	423	424	433	434	435	436	437	438	439	447	449	451	452]
CANDIDATAS:[2	4	5	7	9	13	14	15	16	17	21	22	23	24	25	28	32	33	36	37	38	39	42	44	45	46	49	50	51	53	57	60	62	66	67	68	72	73	75	77	78	79	166	167	168	169	170	171	172	173	175	177	178	181	184	185	186	187	188	189	190	191	192	193	194	195	196	197	198	199	200	201	202	203	204	205	206	207	208	209	210	211	212	213	214	215	216	217	218	219	220	221	222	223	224	225	226	227	228	229	230	231	232	233	234	235	236	237	238	239	240	241	242	243	244	245	246	247	248	249	250	251	252	253	258	261	284	285	286	287	288	289	290	291	301	302	303	304	305	306	307	308	309	310	311	312	313	314	315	316	325	326	327	328	329	330	331	332	333	334	335	345	346	347	348	349	350	351	352	353	354	355	361	362	363	364	365	366	367	368	369	370	371	379	380	381	382	383	384	385	386	387	388	389	390	391	392	393	394	395	396	413	414	415	416	417	418	419	420	421	422	423	424	433	434	435	436	437	438	439	447	449	451	452]
PRIORIDADES:[1	2	3	4]																																																																																																																																																																																																																												
r_mas:[3	0	0	0	0	0	0	0	0	0	1	0	0	0	0	0	0	0	0	0	0	0	1	3	0	0	9	0	0	4	0	11	0	1	0	0	3	3	6	6	14	3	10	10	8	0	7	8	5	8	10	2	0	8	0	0	7	4	3	7	10	7	9	16	0	0	0	0	0	0	0	0	0	8	10	0	0	0	0	0	6	7	10	0	0	0	0	0	7	0	0	0	0	3	0	0	0	0	0	0	0	0	0	0	1	0	0	13	5	0	0	0	0	1	7	0	0	0	0	0	0	7	0	0	11	0	0	7	9	8	6	3	0	2	0	0	0	0	0	0	0	6	6	2	4	9	7	3	0	0	0	0	0	11	10	8	12	4	9	0	0	0	0	3	3	3	6	4	8	1	2	0	0	7	0	7	0	2	6	1	0	0	0	3	6	0	4	3	9	10	10	0	2	0	12	12	0	0	11	0	2	0	2	0	2	7	0	0	0	0	3	2	0	2	4	0	0	0	7	0	3	0	0	3]
r_menos:[0	7	6	3	11	8	12	0	5	8	0	0	0	0	0	5	7	13	1	1	15	7	0	0	0	12	0	0	11	0	0	0	1	0	0	11	0	0	0	0	0	0	0	0	0	0	0	0	0	0	0	0	0	0	0	2	0	0	0	0	0	0	0	0	2	0	5	0	7	11	4	5	9	0	0	3	0	10	0	10	0	0	0	0	5	10	0	17	0	0	9	0	14	0	5	6	10	0	6	10	3	13	11	2	0	8	0	0	0	4	10	0	10	0	0	3	2	7	8	6	12	0	8	3	0	4	0	0	0	0	0	0	13	0	6	14	12	12	14	12	6	0	0	0	0	0	0	0	9	6	2	16	0	0	0	0	0	0	0	8	13	0	8	0	0	0	0	0	0	0	0	0	7	0	0	0	0	0	0	0	6	13	4	0	0	0	0	0	0	0	0	0	0	1	0	0	6	0	0	0	0	0	0	0	0	0	0	0	11	4	0	0	1	0	0	3	13	7	0	3	0	5	16	0]
cl:	7																																																																																																																																																																																																																																
balance:	0.15																																																																																																																																																																																																																																
prioridad:	5																																																																																																																																																																																																																																
dmax:	2500	
restrc_allprior:0
criterio:1																																																																																																																																																																																																																															
dist:
[0	342	307	752	419	938	754	657	602	645	967	785	670	653	702	876	983	968	1366	1224	1178	1099	1267	1517	1417	1369	1685	1620	1533	1978	1865	1995	2043	2340	2223	2220	2528	2387	2575	2825	2723	2668	3078	3081	3109	3173	3319	3275	3284	3340	3403	2718	2881	2959	2319	2373	2760	2669	2921	2925	2740	3120	2090	2088	1202	1583	2356	3555	3460	2777	1921	1761	2907	2480	2139	1441	3156	1279	1928	3664	2368	1783	1737	3724	3323	2948	2533	1260	1718	3795	3572	3133	2526	2089	1717	1460	1105	3743	2906	3320	2980	2293	1462	2661	2119	3206	3231	2394	2370	1022	3716	3849	3236	2827	2502	2099	907	934	600	639	875	453	701	899	1809	930	3750	3578	3683	3806	4093	3802	3900	3757	4180	4177	4067	4048	4101	4212	4214	4256	4331	4148	4435	4492	4509	4459	4444	4486	4810	4728	4773	4527	4772	4813	4936	5259	4964	4998	4940	5215	5163	5249	5164	5173	5363	5302	5452	5525	5555	5490	5686	5557	5768	5576	5808	5997	5869	5855	5760	5874	5884	6189	6288	6245	6242	6272	6344	6368	6462	6388	6568	6485	6505	6515	6501	6517	6557	6415	6657	6852	6810	6677	6711	6599	6804	6838	6909	6934	7037	7102	7139	7545	7520	7368	7277	7419	7413	7697	1492	1278	3119	945
342	0	292	481	191	645	426	315	333	490	661	447	343	376	523	537	651	716	1046	883	836	805	945	1184	1075	1033	1356	1281	1203	1662	1529	1670	1707	2017	1888	1880	2207	2050	2240	2495	2389	2328	2768	2751	2774	2833	3008	2941	2960	3002	3061	2405	2559	2619	2056	2080	2508	2388	2673	2653	2442	2838	2015	2013	1009	1459	2487	3662	3549	2884	2067	1917	2987	2571	2242	1582	3225	1419	2010	3720	2433	1860	1815	3776	3372	2997	2584	1347	1773	3831	3600	3155	2547	2113	1746	1492	1143	3760	2876	3326	2981	2290	1436	2651	2080	3198	3224	2343	2318	1032	3802	3933	3356	2969	2663	2243	1071	1020	709	639	838	399	563	707	1506	629	3408	3241	3351	3483	3768	3461	3558	3415	3838	3835	3725	3707	3760	3872	3874	3918	3995	3817	4112	4164	4172	4120	4102	4144	4469	4387	4434	4202	4445	4481	4606	4927	4628	4656	4598	4873	4821	4908	4825	4837	5027	4975	5122	5186	5214	5148	5345	5220	5434	5247	5479	5661	5532	5516	5420	5533	5542	5847	5946	5905	5902	5934	6011	6035	6129	6050	6230	6146	6165	6175	6159	6175	6214	6073	6315	6510	6468	6335	6370	6264	6467	6500	6569	6594	6696	6760	6797	7203	7178	7026	6936	7077	7071	7355	1178	947	3107	1134
307	292	0	771	199	927	686	526	355	341	934	683	484	404	400	762	782	683	1299	1091	1015	838	1035	1415	1265	1169	1592	1491	1309	1915	1749	1909	1924	2259	2107	2080	2450	2263	2459	2721	2610	2524	3022	2980	2989	3027	3261	3157	3198	3205	3234	2658	2799	2817	2340	2351	2794	2664	2960	2933	2707	3113	2283	2281	1300	1739	2649	3843	3741	3064	2218	2060	3185	2761	2423	1735	3430	1572	2204	3933	2639	2056	2011	3991	3588	3213	2798	1535	1982	4055	3828	3386	2777	2340	1969	1712	1356	3994	3129	3564	3222	2531	1683	2896	2336	3443	3469	2604	2579	1259	3997	4129	3527	3124	2802	2395	1204	1204	873	861	1083	633	838	997	1772	907	3582	3448	3571	3720	4002	3646	3730	3567	3999	3998	3898	3885	3949	4061	4063	4121	4205	4040	4348	4392	4377	4316	4277	4305	4621	4567	4630	4434	4674	4699	4829	5146	4838	4837	4771	5039	4996	5092	5020	5044	5235	5203	5346	5381	5400	5318	5528	5425	5648	5470	5703	5865	5736	5711	5608	5719	5716	6005	6116	6092	6090	6136	6226	6250	6344	6246	6429	6337	6352	6362	6334	6340	6376	6226	6470	6672	6637	6513	6554	6473	6670	6697	6760	6784	6878	6934	6954	7361	7338	7191	7119	7254	7242	7518	1437	1185	3353	1247
752	481	771	0	619	192	214	378	641	873	239	298	498	651	878	353	630	926	642	619	652	904	915	825	823	899	976	962	1103	1238	1175	1271	1351	1607	1522	1552	1792	1694	1869	2106	2012	1996	2330	2357	2402	2497	2572	2565	2548	2649	2756	1972	2146	2279	1579	1621	2028	1920	2193	2180	1988	2370	1636	1634	558	1049	2348	3462	3327	2699	1965	1835	2764	2371	2070	1501	2984	1350	1818	3456	2204	1669	1628	3507	3104	2735	2333	1210	1557	3540	3304	2857	2261	1841	1498	1266	965	3451	2525	3007	2663	1981	1140	2326	1737	2866	2894	1979	1955	832	3575	3701	3179	2834	2562	2130	1082	930	737	551	618	422	305	292	1059	196	3098	2878	2964	3070	3358	3133	3251	3142	3547	3540	3414	3387	3423	3534	3534	3558	3623	3423	3696	3761	3807	3769	3785	3850	4187	4059	4082	3793	4040	4092	4209	4536	4253	4327	4282	4567	4500	4571	4472	4465	4653	4569	4724	4831	4875	4833	5009	4851	5050	4848	5079	5290	5162	5160	5076	5192	5220	5548	5630	5561	5556	5569	5623	5648	5742	5690	5868	5794	5820	5829	5835	5865	5910	5781	6019	6203	6151	6004	6029	5886	6097	6138	6218	6245	6357	6433	6498	6901	6873	6713	6596	6748	6748	7044	754	594	2772	1171
419	191	199	619	0	756	503	331	183	298	755	491	286	233	333	566	590	557	1108	892	817	680	857	1218	1067	978	1395	1292	1128	1722	1550	1713	1725	2063	1909	1881	2254	2064	2260	2522	2411	2326	2828	2781	2790	2829	3067	2958	3001	3006	3039	2464	2602	2619	2166	2165	2623	2482	2790	2754	2517	2929	2198	2196	1169	1634	2671	3850	3738	3071	2248	2095	3177	2760	2429	1763	3416	1599	2199	3912	2624	2049	2004	3967	3564	3188	2775	1535	1963	4022	3791	3346	2738	2304	1937	1683	1333	3951	3063	3516	3172	2480	1626	2841	2268	3387	3414	2528	2504	1223	3992	4123	3542	3152	2841	2424	1244	1206	888	829	1028	590	747	874	1584	732	3387	3250	3372	3522	3803	3449	3535	3377	3806	3805	3703	3689	3752	3863	3866	3922	4006	3841	4151	4193	4178	4118	4082	4112	4430	4372	4432	4236	4475	4500	4630	4947	4639	4641	4576	4846	4801	4896	4822	4845	5036	5004	5147	5183	5203	5124	5331	5226	5449	5271	5504	5667	5538	5513	5411	5522	5521	5813	5922	5896	5893	5937	6027	6051	6145	6048	6231	6140	6156	6165	6139	6147	6184	6036	6279	6480	6444	6318	6358	6274	6472	6499	6563	6587	6682	6740	6763	7169	7146	6998	6923	7059	7048	7326	1246	989	3296	1301
938	645	927	192	756	0	265	459	737	977	69	320	572	736	970	322	603	959	451	481	547	893	851	642	675	794	786	787	1001	1046	989	1079	1164	1415	1333	1368	1600	1505	1679	1914	1820	1811	2141	2165	2211	2310	2382	2374	2356	2459	2573	1782	1954	2092	1413	1438	1869	1743	2035	2008	1803	2193	1612	1609	504	1014	2437	3519	3375	2766	2071	1950	2814	2435	2148	1622	3024	1477	1893	3483	2256	1745	1707	3531	3131	2767	2374	1319	1626	3553	3315	2870	2284	1878	1553	1337	1067	3454	2510	3008	2666	1996	1180	2328	1736	2860	2888	1961	1937	934	3619	3743	3247	2920	2663	2230	1237	1064	907	710	728	610	449	338	871	39	2914	2687	2772	2878	3166	2946	3068	2965	3366	3358	3229	3201	3235	3346	3345	3368	3431	3231	3505	3569	3616	3579	3599	3668	4007	3871	3892	3601	3847	3899	4017	4344	4061	4139	4096	4383	4314	4383	4282	4273	4461	4377	4532	4641	4686	4647	4820	4659	4857	4656	4887	5098	4970	4969	4886	5003	5033	5365	5443	5371	5366	5377	5431	5455	5549	5499	5676	5603	5630	5639	5648	5679	5726	5598	5836	6018	5964	5815	5840	5694	5906	5947	6028	6054	6168	6245	6314	6716	6687	6526	6407	6559	6561	6858	562	418	2765	1330
754	426	686	214	503	265	0	194	472	712	253	84	309	472	705	158	419	719	620	488	482	689	711	763	691	720	932	872	919	1237	1111	1244	1289	1591	1469	1472	1781	1634	1821	2072	1968	1921	2343	2328	2355	2425	2583	2521	2535	2589	2666	1980	2133	2210	1664	1665	2122	1979	2290	2251	2022	2428	1839	1837	744	1247	2555	3676	3541	2911	2165	2031	2977	2584	2280	1695	3198	1541	2029	3670	2418	1879	1838	3721	3318	2949	2547	1412	1770	3753	3517	3070	2475	2055	1712	1478	1170	3662	2732	3218	2874	2194	1354	2537	1947	3076	3103	2185	2161	1039	3789	3916	3391	3041	2764	2332	1250	1119	890	726	823	547	503	503	1086	235	3012	2825	2929	3057	3343	3057	3163	3036	3451	3446	3329	3307	3354	3465	3466	3504	3577	3394	3686	3739	3756	3709	3704	3756	4087	3984	4022	3777	4020	4059	4182	4505	4210	4253	4201	4480	4422	4502	4413	4419	4609	4550	4699	4774	4808	4751	4940	4804	5014	4823	5055	5244	5115	5103	5012	5126	5143	5458	5549	5497	5493	5519	5590	5614	5708	5636	5816	5735	5757	5766	5759	5781	5823	5687	5928	6118	6071	5932	5964	5845	6051	6086	6159	6185	6290	6359	6409	6813	6786	6631	6530	6675	6672	6961	754	524	2981	1334
657	315	526	378	331	459	194	0	278	517	444	162	121	279	511	236	353	556	777	574	520	570	657	891	762	723	1067	975	902	1391	1228	1384	1405	1734	1587	1570	1925	1747	1940	2199	2090	2018	2498	2457	2472	2523	2736	2640	2673	2695	2746	2134	2274	2310	1850	1838	2310	2156	2478	2432	2188	2603	2013	2011	929	1426	2657	3800	3672	3028	2254	2112	3108	2706	2392	1775	3335	1615	2147	3815	2549	1996	1953	3867	3464	3092	2686	1508	1893	3906	3671	3224	2624	2198	1846	1604	1277	3821	2901	3379	3034	2349	1500	2698	2111	3240	3267	2356	2331	1151	3923	4050	3507	3143	2853	2425	1297	1197	928	797	938	581	618	668	1256	429	3094	2936	3052	3195	3478	3149	3244	3100	3523	3520	3411	3393	3449	3561	3563	3611	3691	3520	3824	3870	3866	3811	3788	3829	4153	4074	4125	3911	4151	4181	4309	4627	4324	4343	4284	4558	4508	4596	4516	4532	4722	4681	4826	4877	4903	4834	5032	4914	5132	4950	5183	5355	5226	5206	5109	5222	5228	5531	5632	5594	5591	5627	5710	5734	5828	5741	5922	5836	5854	5864	5846	5860	5899	5757	5999	6195	6154	6022	6058	5960	6161	6191	6259	6284	6384	6446	6482	6887	6863	6711	6624	6764	6757	7040	917	660	3146	1372
602	333	355	641	183	737	472	278	0	240	720	431	175	51	237	482	433	384	1027	773	679	497	681	1110	930	816	1290	1166	954	1630	1429	1606	1600	1956	1784	1743	2147	1933	2132	2399	2285	2184	2731	2659	2658	2684	2966	2827	2886	2866	2884	2366	2491	2477	2120	2092	2581	2416	2749	2694	2434	2860	2266	2264	1198	1686	2816	3983	3865	3207	2398	2248	3302	2890	2565	1913	3537	1750	2329	4026	2746	2178	2134	4081	3677	3303	2892	1672	2086	4128	3895	3449	2844	2412	2051	1801	1458	4050	3145	3611	3266	2577	1723	2933	2351	3477	3504	2604	2579	1341	4118	4248	3681	3299	2994	2573	1404	1347	1041	957	1136	719	832	922	1511	707	3232	3112	3243	3406	3683	3299	3379	3213	3646	3645	3548	3536	3604	3715	3718	3781	3868	3713	4032	4068	4038	3973	3927	3951	4266	4219	4286	4114	4351	4368	4501	4814	4501	4488	4420	4686	4646	4744	4676	4705	4897	4879	5018	5037	5052	4966	5179	5085	5313	5142	5375	5525	5396	5367	5261	5371	5365	5651	5763	5745	5743	5794	5892	5915	6010	5902	6086	5991	6005	6015	5982	5987	6022	5872	6116	6318	6285	6163	6206	6135	6329	6353	6413	6437	6529	6583	6600	7006	6984	6838	6770	6903	6890	7165	1169	894	3385	1465
645	490	341	873	298	977	712	517	240	0	959	669	412	250	65	715	609	371	1254	980	870	558	790	1321	1116	961	1500	1360	1064	1847	1624	1814	1790	2161	1973	1917	2352	2116	2317	2588	2471	2349	2941	2848	2836	2844	3175	3005	3082	3032	3025	2577	2691	2641	2355	2319	2817	2645	2986	2925	2655	3086	2485	2483	1431	1912	2961	4144	4034	3365	2534	2379	3474	3056	2723	2049	3714	1886	2495	4210	2922	2345	2301	4266	3862	3487	3073	1830	2261	4320	4089	3644	3036	2602	2236	1982	1631	4249	3356	3813	3468	2777	1922	3136	2561	3683	3710	2819	2794	1521	4289	4420	3834	3440	3124	2711	1524	1500	1177	1127	1326	888	1038	1148	1738	946	3372	3280	3423	3599	3872	3447	3515	3333	3771	3772	3685	3678	3754	3865	3869	3942	4036	3894	4223	4252	4201	4129	4065	4076	4382	4360	4440	4301	4534	4543	4679	4988	4667	4629	4554	4813	4781	4888	4829	4869	5061	5061	5194	5189	5196	5097	5320	5245	5481	5319	5552	5685	5556	5518	5406	5514	5498	5769	5892	5889	5887	5950	6060	6083	6178	6054	6239	6139	6149	6158	6114	6111	6142	5986	6231	6439	6412	6299	6346	6297	6486	6505	6559	6582	6668	6715	6716	7123	7103	6961	6908	7035	7018	7286	1396	1115	3591	1575
967	661	934	239	755	69	253	444	720	959	0	292	550	714	948	277	550	918	405	412	480	841	789	586	607	727	737	726	933	1012	936	1036	1112	1376	1284	1313	1563	1455	1632	1871	1775	1757	2112	2124	2165	2258	2353	2329	2319	2410	2517	1751	1917	2040	1411	1420	1869	1730	2037	2000	1781	2180	1665	1662	557	1066	2505	3585	3440	2833	2139	2018	2879	2502	2216	1690	3088	1545	1960	3545	2322	1813	1775	3592	3192	2829	2438	1387	1693	3612	3374	2930	2346	1941	1619	1405	1136	3512	2564	3065	2724	2056	1245	2386	1794	2916	2944	2015	1991	1003	3683	3806	3314	2988	2731	2299	1302	1132	968	773	796	662	514	406	846	44	2859	2640	2730	2842	3130	2894	3012	2906	3309	3302	3175	3148	3184	3295	3295	3320	3386	3190	3469	3530	3570	3530	3546	3612	3950	3820	3843	3564	3810	3858	3977	4303	4017	4087	4043	4328	4261	4332	4234	4228	4417	4340	4493	4593	4636	4594	4770	4614	4815	4617	4848	5053	4926	4922	4837	4954	4981	5310	5391	5322	5317	5332	5390	5414	5508	5453	5630	5556	5581	5591	5596	5626	5671	5542	5781	5964	5911	5764	5791	5651	5861	5901	5980	6006	6118	6194	6259	6662	6633	6473	6357	6508	6509	6805	525	357	2820	1394
785	447	683	298	491	320	84	162	431	669	292	0	258	422	656	93	335	645	617	440	416	606	629	739	639	647	913	835	842	1232	1083	1229	1260	1578	1441	1434	1769	1604	1794	2049	1943	1883	2339	2307	2327	2388	2578	2495	2520	2556	2622	1975	2119	2174	1690	1676	2151	1995	2319	2270	2026	2441	1915	1912	814	1320	2639	3760	3625	2995	2248	2114	3061	2668	2364	1777	3281	1622	2114	3753	2502	1963	1922	3803	3401	3032	2630	1495	1854	3834	3597	3151	2556	2138	1796	1563	1254	3742	2809	3298	2954	2274	1437	2617	2026	3154	3182	2261	2237	1123	3873	3999	3475	3125	2847	2416	1327	1200	964	806	907	618	587	584	1094	285	2968	2794	2905	3042	3326	3018	3119	2985	3403	3399	3285	3265	3316	3427	3429	3472	3548	3372	3671	3720	3726	3674	3661	3709	4037	3944	3988	3759	4001	4034	4160	4481	4182	4213	4158	4436	4380	4464	4379	4390	4580	4531	4677	4740	4770	4708	4901	4774	4988	4802	5034	5214	5085	5070	4975	5089	5101	5411	5506	5460	5457	5488	5565	5588	5683	5603	5784	5700	5720	5730	5718	5737	5778	5639	5880	6073	6028	5892	5926	5817	6021	6053	6124	6149	6252	6318	6362	6767	6741	6587	6492	6635	6630	6917	755	504	3059	1409
670	343	484	498	286	572	309	121	175	412	550	258	0	164	398	307	313	440	853	611	531	478	602	943	781	701	1122	1009	863	1458	1269	1440	1443	1789	1627	1596	1981	1780	1977	2241	2129	2040	2562	2500	2506	2543	2798	2675	2724	2721	2755	2197	2327	2333	1945	1918	2406	2241	2575	2519	2262	2685	2134	2132	1049	1547	2759	3909	3784	3136	2351	2207	3220	2815	2498	1870	3449	1709	2255	3931	2661	2104	2061	3983	3580	3207	2800	1610	2004	4023	3789	3342	2741	2314	1960	1715	1384	3940	3021	3498	3153	2467	1617	2817	2231	3359	3387	2477	2452	1260	4035	4163	3614	3244	2950	2524	1380	1294	1011	896	1048	669	731	789	1336	539	3103	2964	3089	3244	3524	3164	3251	3096	3524	3522	3419	3405	3466	3578	3580	3637	3721	3559	3872	3912	3893	3833	3798	3830	4150	4086	4146	3956	4194	4217	4347	4663	4354	4356	4292	4563	4517	4611	4537	4560	4751	4723	4864	4898	4918	4840	5046	4941	5165	4989	5222	5381	5253	5227	5126	5237	5237	5532	5638	5610	5607	5652	5743	5766	5861	5763	5945	5854	5870	5880	5855	5864	5901	5755	5998	6197	6160	6033	6073	5989	6186	6214	6277	6301	6397	6455	6482	6888	6864	6715	6638	6774	6764	7043	994	723	3266	1451
653	376	404	651	233	736	472	279	51	250	714	422	164	0	234	465	390	340	1005	741	642	446	631	1080	892	770	1260	1130	905	1603	1394	1576	1564	1924	1747	1703	2116	1896	2095	2363	2248	2143	2701	2623	2619	2642	2936	2788	2852	2825	2840	2337	2458	2435	2105	2071	2567	2396	2736	2676	2409	2838	2283	2281	1207	1700	2854	4018	3899	3242	2438	2289	3335	2925	2601	1954	3568	1791	2364	4056	2778	2213	2169	4110	3706	3332	2922	1709	2118	4155	3922	3475	2871	2441	2081	1832	1492	4075	3165	3635	3290	2602	1749	2956	2373	3500	3527	2623	2598	1373	4151	4280	3717	3338	3035	2613	1447	1385	1083	993	1166	757	858	937	1489	703	3187	3071	3205	3371	3647	3255	3333	3166	3599	3599	3503	3492	3560	3671	3675	3739	3828	3676	3997	4031	3996	3931	3882	3905	4219	4174	4243	4078	4314	4329	4463	4775	4461	4443	4375	4640	4601	4700	4633	4664	4856	4841	4979	4994	5008	4920	5135	5043	5273	5104	5337	5484	5355	5324	5217	5327	5319	5604	5717	5701	5699	5751	5852	5875	5970	5859	6043	5948	5961	5971	5937	5941	5975	5824	6068	6272	6239	6118	6161	6094	6287	6311	6370	6393	6484	6538	6553	6959	6937	6791	6725	6857	6844	7118	1147	869	3407	1510
702	523	400	878	333	970	705	511	237	65	948	656	398	234	0	694	565	306	1226	942	828	497	733	1284	1071	908	1463	1316	1005	1812	1581	1775	1745	2121	1928	1867	2312	2068	2270	2542	2424	2297	2902	2801	2786	2790	3135	2955	3037	2980	2968	2539	2648	2589	2334	2289	2796	2617	2965	2899	2622	3056	2500	2498	1435	1922	3004	4183	4071	3405	2579	2425	3510	3093	2763	2094	3748	1930	2532	4242	2956	2382	2338	4297	3893	3518	3106	1868	2295	4348	4117	3671	3064	2631	2267	2014	1665	4275	3376	3837	3493	2802	1947	3160	2582	3705	3732	2836	2812	1553	4325	4456	3875	3484	3171	2756	1572	1539	1220	1161	1354	921	1059	1158	1710	937	3315	3228	3374	3553	3826	3391	3457	3273	3712	3713	3627	3621	3698	3809	3813	3889	3984	3844	4177	4203	4147	4074	4007	4017	4321	4303	4385	4253	4485	4492	4629	4937	4615	4571	4495	4753	4723	4831	4773	4815	5007	5011	5144	5133	5139	5038	5263	5191	5429	5269	5502	5631	5502	5462	5350	5457	5439	5709	5832	5832	5830	5895	6008	6031	6125	5998	6183	6082	6091	6101	6055	6051	6082	5925	6170	6379	6353	6240	6288	6243	6431	6450	6502	6525	6610	6656	6655	7062	7042	6901	6850	6976	6959	7226	1368	1085	3613	1624
876	537	762	353	566	322	158	236	482	715	277	93	307	465	694	0	285	641	547	348	325	572	562	655	546	562	831	744	761	1157	995	1148	1172	1497	1354	1343	1689	1515	1706	1964	1856	1792	2263	2222	2239	2297	2501	2407	2437	2466	2529	1899	2038	2083	1640	1611	2102	1934	2271	2212	1957	2378	1934	1931	826	1336	2701	3811	3673	3050	2316	2184	3110	2721	2422	1849	3326	1696	2170	3792	2550	2020	1980	3841	3440	3073	2675	1562	1908	3868	3630	3185	2594	2181	1845	1617	1317	3772	2831	3326	2983	2309	1480	2646	2054	3180	3208	2282	2258	1185	3919	4044	3530	3187	2914	2482	1409	1274	1048	883	970	704	653	624	1029	284	2876	2705	2818	2959	3242	2926	3026	2892	3310	3306	3193	3173	3225	3336	3338	3382	3459	3285	3588	3634	3636	3584	3569	3616	3944	3852	3897	3675	3916	3947	4074	4394	4093	4121	4065	4343	4288	4372	4289	4301	4491	4446	4591	4649	4679	4616	4809	4684	4900	4716	4948	5125	4996	4979	4884	4997	5009	5318	5414	5369	5366	5398	5477	5501	5595	5513	5694	5609	5629	5639	5626	5644	5685	5546	5787	5980	5936	5800	5835	5729	5931	5963	6033	6058	6160	6226	6269	6674	6648	6494	6400	6543	6538	6824	688	424	3085	1492
983	651	782	630	590	603	419	353	433	609	550	335	313	390	565	285	0	404	698	385	263	291	305	725	507	389	901	751	553	1255	1015	1211	1182	1556	1365	1314	1746	1509	1710	1980	1863	1752	2338	2240	2231	2252	2570	2401	2473	2435	2452	1975	2083	2045	1818	1743	2279	2074	2448	2361	2065	2508	2214	2212	1106	1616	2973	4092	3956	3329	2580	2444	3393	3001	2698	2107	3611	1950	2448	4077	2833	2298	2257	4127	3725	3358	2959	1828	2187	4153	3915	3470	2880	2465	2127	1896	1588	4056	3113	3610	3268	2594	1764	2930	2338	3463	3491	2564	2540	1458	4203	4329	3809	3459	3180	2749	1643	1529	1276	1131	1242	927	921	909	1172	564	2800	2681	2818	2990	3264	2866	2947	2787	3217	3216	3116	3104	3171	3282	3285	3349	3438	3288	3615	3645	3606	3541	3495	3523	3840	3786	3853	3693	3928	3941	4075	4386	4071	4056	3989	4256	4214	4312	4243	4274	4466	4455	4591	4604	4620	4536	4747	4653	4883	4716	4949	5093	4964	4934	4828	4938	4934	5223	5333	5312	5310	5361	5462	5485	5580	5469	5653	5559	5572	5582	5551	5558	5594	5446	5689	5890	5855	5731	5773	5703	5897	5921	5981	6004	6097	6152	6173	6579	6557	6409	6337	6471	6459	6736	837	547	3368	1721
968	716	683	926	557	959	719	556	384	371	918	645	440	340	306	641	404	0	1101	781	647	209	459	1112	862	657	1283	1110	720	1641	1370	1583	1523	1919	1702	1621	2106	1830	2033	2309	2187	2038	2703	2567	2538	2523	2929	2706	2811	2718	2686	2344	2431	2327	2220	2137	2681	2469	2851	2757	2448	2898	2558	2556	1458	1965	3190	4347	4224	3573	2776	2628	3660	3253	2933	2292	3889	2130	2693	4371	3101	2541	2498	4423	4020	3648	3240	2042	2443	4462	4227	3780	3180	2754	2400	2155	1821	4376	3451	3933	3589	2904	2056	3252	2664	3792	3820	2904	2880	1698	4475	4603	4049	3674	3374	2950	1787	1722	1422	1326	1488	1093	1171	1219	1571	921	3031	2968	3124	3321	3587	3114	3172	2980	3420	3423	3342	3338	3422	3532	3536	3620	3720	3594	3939	3956	3879	3801	3721	3724	4025	4019	4110	4010	4238	4234	4375	4677	4349	4287	4207	4461	4435	4548	4497	4547	4739	4761	4888	4856	4855	4747	4978	4919	5164	5012	5245	5358	5229	5184	5067	5173	5149	5412	5540	5548	5547	5619	5742	5765	5859	5719	5906	5801	5807	5817	5765	5757	5787	5627	5873	6084	6060	5951	6002	5972	6156	6171	6219	6242	6322	6365	6357	6764	6745	6606	6563	6686	6666	6930	1239	949	3698	1849
1366	1046	1299	642	1108	451	620	777	1027	1254	405	617	853	1005	1226	547	698	1101	0	334	474	955	795	214	401	637	335	382	813	617	543	631	715	974	882	926	1163	1055	1228	1466	1370	1363	1724	1719	1760	1860	1963	1923	1918	2008	2130	1360	1516	1642	1120	1066	1581	1391	1751	1673	1411	1833	1715	1713	697	1140	2742	3753	3592	3028	2411	2306	3041	2695	2441	1992	3230	1860	2182	3655	2498	2043	2010	3697	3306	2958	2590	1679	1912	3695	3455	3020	2468	2098	1818	1639	1428	3576	2604	3129	2798	2168	1438	2465	1883	2968	2997	2063	2042	1299	3825	3943	3505	3215	2987	2559	1660	1465	1348	1145	1115	1061	883	716	484	447	2468	2236	2324	2441	2727	2497	2622	2530	2924	2915	2783	2753	2784	2895	2895	2916	2981	2786	3069	3127	3165	3127	3151	3225	3567	3421	3440	3162	3407	3453	3573	3898	3612	3689	3647	3936	3864	3932	3830	3823	4012	3937	4089	4189	4234	4199	4369	4209	4410	4213	4444	4648	4520	4518	4435	4552	4583	4918	4994	4919	4915	4927	4985	5009	5103	5048	5226	5152	5178	5188	5197	5231	5278	5153	5390	5570	5514	5364	5389	5245	5456	5496	5576	5603	5716	5794	5867	6269	6239	6077	5955	6108	6111	6409	142	154	2872	1755
1224	883	1091	619	892	481	488	574	773	980	412	440	611	741	942	348	385	781	334	0	140	623	466	342	205	337	520	400	537	871	658	835	833	1184	1016	996	1375	1173	1367	1630	1519	1445	1962	1889	1898	1950	2196	2067	2113	2120	2181	1598	1717	1736	1444	1359	1903	1690	2072	1977	1681	2123	1993	1990	911	1401	2912	3974	3823	3230	2551	2430	3265	2898	2620	2102	3466	1956	2363	3910	2712	2217	2181	3955	3559	3202	2819	1799	2094	3964	3724	3284	2714	2323	2015	1809	1548	3853	2890	3406	3069	2418	1636	2733	2143	3250	3278	2343	2321	1415	4063	4184	3711	3393	3141	2709	1702	1541	1354	1171	1208	1024	917	816	791	451	2528	2361	2480	2634	2913	2578	2679	2549	2964	2960	2845	2825	2877	2988	2990	3037	3117	2949	3261	3301	3292	3237	3221	3270	3600	3504	3551	3345	3583	3608	3738	4055	3750	3774	3718	3996	3940	4025	3942	3957	4148	4112	4255	4303	4331	4268	4462	4340	4559	4379	4612	4780	4652	4633	4537	4650	4661	4972	5066	5022	5018	5053	5136	5160	5255	5167	5348	5262	5281	5291	5278	5297	5338	5200	5441	5633	5588	5453	5487	5386	5586	5617	5686	5711	5813	5878	5923	6327	6301	6147	6053	6195	6190	6477	464	182	3153	1790
1178	836	1015	652	817	547	482	520	679	870	480	416	531	642	828	325	263	647	474	140	0	484	334	466	251	249	640	490	455	996	754	949	922	1293	1106	1065	1483	1254	1453	1721	1606	1509	2075	1981	1979	2012	2307	2148	2212	2190	2228	1713	1821	1802	1582	1490	2041	1823	2210	2111	1806	2252	2108	2105	1013	1513	2982	4064	3917	3313	2610	2484	3356	2982	2695	2152	3563	2002	2440	4013	2800	2292	2254	4059	3662	3301	2913	1856	2173	4073	3834	3392	2816	2417	2099	1884	1607	3966	3007	3519	3180	2522	1724	2843	2252	3364	3393	2459	2436	1473	4158	4281	3794	3466	3205	2772	1728	1582	1370	1199	1262	1029	956	884	927	512	2576	2434	2564	2730	3006	2634	2725	2579	3003	3000	2892	2876	2936	3047	3050	3106	3191	3034	3356	3389	3362	3302	3270	3308	3633	3558	3615	3436	3672	3689	3822	4136	3824	3827	3766	4039	3990	4081	4006	4029	4221	4200	4338	4367	4388	4315	4517	4410	4635	4463	4696	4851	4722	4696	4595	4707	4710	5011	5113	5080	5077	5121	5214	5237	5332	5232	5414	5324	5340	5350	5328	5341	5379	5237	5479	5675	5635	5505	5543	5459	5655	5683	5747	5771	5868	5928	5962	6367	6343	6191	6108	6247	6238	6520	603	321	3268	1813
1099	805	838	904	680	893	689	570	497	558	841	606	478	446	497	572	291	209	955	623	484	0	251	938	674	453	1103	919	512	1461	1175	1394	1323	1726	1500	1415	1911	1625	1829	2105	1982	1830	2508	2362	2330	2314	2732	2498	2608	2509	2479	2151	2231	2118	2066	1963	2524	2297	2693	2586	2264	2719	2505	2503	1397	1907	3226	4362	4230	3594	2824	2682	3666	3269	2959	2344	3887	2184	2712	4359	3106	2561	2519	4409	4007	3638	3236	2078	2455	4438	4201	3755	3162	2744	2401	2164	1844	4344	3403	3899	3556	2879	2043	3218	2626	3752	3780	2854	2830	1717	4478	4605	4073	3712	3423	2995	1858	1767	1489	1367	1502	1146	1180	1190	1409	855	2824	2759	2917	3116	3381	2906	2966	2778	3217	3219	3136	3131	3214	3324	3328	3411	3512	3387	3733	3748	3670	3592	3515	3521	3825	3812	3902	3803	4030	4025	4167	4469	4140	4081	4002	4258	4230	4341	4289	4338	4530	4553	4679	4648	4649	4543	4772	4711	4955	4804	5037	5150	5021	4976	4860	4967	4945	5212	5337	5342	5340	5411	5533	5556	5651	5512	5698	5594	5601	5611	5561	5556	5586	5429	5674	5883	5857	5747	5797	5764	5948	5963	6013	6035	6117	6161	6158	6565	6546	6405	6358	6482	6463	6730	1087	802	3657	1928
1267	945	1035	915	857	851	711	657	681	790	789	629	602	631	733	562	305	459	795	466	334	251	0	735	456	210	888	690	276	1243	938	1165	1080	1488	1254	1165	1671	1376	1579	1856	1732	1579	2269	2112	2079	2064	2490	2247	2360	2258	2236	1915	1986	1868	1876	1750	2328	2083	2496	2374	2036	2496	2438	2436	1338	1842	3263	4368	4226	3609	2876	2742	3664	3280	2984	2406	3875	2251	2731	4333	3105	2581	2542	4380	3981	3618	3225	2123	2467	4398	4159	3716	3134	2729	2401	2177	1879	4294	3338	3847	3507	2844	2031	3170	2578	3694	3723	2789	2766	1747	4470	4594	4090	3749	3475	3043	1948	1829	1580	1433	1532	1232	1214	1178	1214	814	2582	2509	2666	2866	3130	2660	2725	2545	2981	2982	2895	2888	2968	3078	3082	3163	3262	3135	3483	3497	3421	3345	3274	3287	3595	3570	3655	3552	3779	3775	3916	4218	3890	3839	3763	4023	3991	4098	4043	4089	4281	4302	4429	4402	4406	4306	4530	4463	4705	4553	4786	4902	4773	4731	4617	4724	4707	4982	5102	5099	5098	5164	5284	5307	5401	5267	5452	5350	5359	5369	5324	5322	5354	5200	5445	5651	5622	5508	5556	5516	5701	5718	5770	5793	5877	5924	5929	6336	6315	6172	6118	6245	6228	6498	913	646	3598	2026
1517	1184	1415	825	1218	642	763	891	1110	1321	586	739	943	1080	1284	655	725	1112	214	342	466	938	735	0	284	543	179	171	683	531	351	496	529	846	706	727	1037	873	1058	1310	1206	1171	1621	1568	1592	1673	1856	1758	1783	1829	1932	1257	1384	1455	1142	1026	1593	1359	1761	1649	1341	1786	1892	1889	906	1331	2952	3951	3787	3232	2624	2520	3239	2900	2650	2206	3422	2074	2391	3839	2699	2253	2221	3879	3492	3149	2787	1893	2122	3871	3631	3200	2658	2297	2025	1850	1642	3746	2771	3302	2974	2357	1646	2644	2069	3138	3166	2236	2215	1513	4017	4133	3708	3424	3199	2772	1867	1677	1548	1347	1327	1248	1085	927	480	630	2273	2064	2167	2305	2587	2308	2426	2325	2724	2717	2589	2562	2600	2711	2711	2743	2814	2633	2933	2980	2995	2950	2959	3026	3366	3234	3263	3020	3262	3296	3422	3743	3447	3503	3457	3742	3675	3749	3654	3657	3846	3792	3938	4014	4053	4008	4186	4042	4251	4063	4295	4481	4353	4343	4255	4371	4395	4723	4805	4740	4736	4757	4827	4851	4946	4876	5055	4976	5000	5009	5011	5040	5085	4956	5195	5378	5326	5180	5208	5083	5289	5325	5400	5426	5535	5609	5673	6076	6047	5887	5775	5924	5924	6219	229	239	3041	1962
1417	1075	1265	823	1067	675	691	762	930	1116	607	639	781	892	1071	546	507	862	401	205	251	674	456	284	0	259	433	248	413	790	511	721	675	1058	858	815	1247	1004	1203	1473	1357	1260	1842	1733	1728	1763	2070	1897	1967	1940	1985	1482	1578	1552	1425	1295	1874	1628	2041	1919	1590	2046	2115	2112	1065	1534	3090	4133	3976	3397	2738	2621	3422	3064	2795	2295	3616	2152	2537	4049	2873	2393	2358	4092	3700	3348	2973	1989	2267	4093	3853	3417	2858	2478	2182	1985	1737	3976	3005	3529	3196	2560	1802	2863	2278	3369	3398	2463	2441	1604	4213	4332	3876	3570	3325	2894	1904	1739	1559	1373	1402	1229	1118	1004	763	648	2333	2184	2313	2483	2757	2387	2483	2347	2765	2761	2650	2632	2688	2800	2802	2856	2940	2784	3108	3139	3112	3053	3027	3071	3399	3312	3366	3187	3422	3438	3571	3885	3574	3582	3523	3799	3746	3835	3757	3779	3970	3950	4087	4118	4141	4073	4271	4160	4384	4212	4445	4600	4471	4448	4348	4460	4467	4773	4871	4833	4830	4871	4963	4986	5081	4983	5165	5076	5093	5103	5084	5100	5140	5001	5242	5435	5393	5260	5297	5208	5405	5433	5499	5523	5622	5685	5724	6129	6104	5951	5862	6002	5995	6280	488	292	3272	1994
1369	1033	1169	899	978	794	720	723	816	961	727	647	701	770	908	562	389	657	637	337	249	453	210	543	259	0	685	483	206	1038	728	956	871	1278	1047	965	1461	1173	1376	1652	1530	1389	2059	1910	1883	1882	2281	2052	2155	2072	2070	1704	1778	1681	1684	1545	2131	1878	2298	2169	1827	2288	2328	2325	1247	1737	3231	4306	4157	3558	2859	2733	3598	3227	2943	2400	3801	2250	2687	4247	3043	2540	2502	4291	3895	3538	3153	2105	2419	4300	4061	3621	3050	2657	2343	2132	1856	4189	3224	3742	3405	2755	1967	3070	2480	3585	3614	2678	2656	1722	4398	4519	4039	3714	3454	3021	1970	1829	1610	1443	1511	1265	1204	1132	1022	760	2418	2321	2470	2664	2930	2488	2564	2398	2830	2829	2733	2722	2794	2905	2909	2981	3076	2941	3282	3301	3239	3168	3112	3136	3452	3405	3480	3354	3583	3585	3724	4029	3706	3674	3604	3870	3831	3932	3869	3907	4100	4108	4238	4229	4240	4150	4365	4284	4521	4362	4596	4724	4595	4558	4449	4558	4549	4836	4947	4932	4931	4989	5099	5123	5217	5094	5279	5181	5193	5202	5167	5171	5206	5058	5301	5503	5469	5348	5392	5336	5525	5546	5602	5625	5715	5767	5785	6191	6169	6022	5955	6087	6074	6349	740	501	3489	2054
1685	1356	1592	976	1395	786	932	1067	1290	1500	737	913	1122	1260	1463	831	901	1283	335	520	640	1103	888	179	433	685	0	217	795	358	216	317	381	667	547	599	859	719	895	1140	1039	1030	1442	1396	1428	1525	1677	1593	1606	1673	1798	1078	1207	1307	1007	862	1447	1196	1613	1486	1166	1616	1882	1879	972	1348	3008	3970	3799	3267	2698	2602	3260	2936	2702	2296	3433	2171	2444	3834	2729	2311	2281	3871	3490	3155	2806	1981	2176	3853	3614	3190	2666	2323	2073	1915	1733	3721	2744	3280	2958	2364	1698	2634	2071	3112	3141	2219	2199	1608	4025	4137	3739	3472	3262	2839	1987	1786	1682	1477	1434	1396	1216	1041	356	780	2135	1903	1998	2129	2412	2162	2289	2204	2592	2583	2449	2418	2449	2560	2559	2583	2650	2462	2758	2808	2833	2793	2816	2892	3236	3086	3106	2846	3089	3127	3251	3573	3282	3353	3312	3602	3529	3597	3497	3493	3682	3619	3767	3856	3900	3864	4034	3879	4083	3891	4123	4318	4190	4185	4100	4217	4248	4584	4659	4585	4581	4595	4659	4683	4777	4716	4894	4818	4844	4854	4862	4896	4943	4819	5056	5235	5179	5029	5054	4917	5125	5164	5243	5269	5382	5459	5533	5934	5904	5742	5621	5773	5775	6074	264	410	3016	2083
1620	1281	1491	962	1292	787	872	975	1166	1360	726	835	1009	1130	1316	744	751	1110	382	400	490	919	690	171	248	483	217	0	579	557	264	476	434	810	618	600	998	772	968	1233	1120	1049	1594	1493	1498	1554	1822	1666	1722	1721	1797	1234	1332	1339	1223	1065	1660	1397	1825	1688	1347	1806	2054	2051	1077	1498	3123	4120	3954	3403	2793	2687	3408	3070	2820	2371	3590	2237	2562	4003	2869	2424	2391	4042	3657	3315	2955	2059	2292	4031	3792	3363	2825	2466	2196	2020	1807	3904	2928	3461	3135	2524	1816	2807	2234	3295	3324	2396	2375	1678	4184	4299	3878	3594	3369	2941	2021	1836	1694	1497	1488	1383	1235	1086	573	770	2142	1961	2080	2241	2517	2185	2294	2180	2586	2580	2459	2435	2482	2593	2595	2638	2716	2550	2867	2903	2892	2839	2832	2890	3226	3112	3153	2948	3185	3208	3338	3655	3350	3381	3330	3611	3551	3631	3544	3557	3748	3714	3855	3905	3936	3881	4068	3940	4158	3980	4213	4381	4252	4235	4141	4255	4271	4591	4678	4626	4622	4654	4736	4760	4854	4769	4949	4865	4886	4895	4888	4911	4954	4821	5061	5248	5200	5060	5092	4986	5187	5219	5289	5314	5419	5487	5541	5945	5917	5760	5658	5804	5800	6091	391	369	3199	2115
1533	1203	1309	1103	1128	1001	919	902	954	1064	933	842	863	905	1005	761	553	720	813	537	455	512	276	683	413	206	795	579	0	1127	783	1023	896	1316	1057	941	1489	1157	1359	1636	1510	1332	2082	1888	1840	1807	2294	2007	2144	2006	1967	1739	1784	1616	1801	1632	2236	1961	2401	2251	1884	2352	2520	2517	1448	1933	3437	4511	4360	3764	3065	2938	3802	3432	3149	2605	4003	2453	2893	4445	3248	2746	2708	4490	4095	3739	3356	2311	2625	4496	4256	3817	3250	2860	2549	2338	2062	4382	3414	3935	3600	2954	2171	3265	2677	3776	3805	2870	2848	1928	4600	4721	4245	3920	3660	3227	2169	2033	1806	1644	1717	1459	1408	1338	1147	967	2312	2257	2424	2640	2897	2394	2454	2270	2707	2709	2624	2619	2702	2812	2817	2903	3006	2892	3249	3255	3162	3082	3003	3012	3320	3300	3391	3314	3536	3523	3667	3965	3632	3568	3491	3749	3718	3829	3777	3829	4022	4056	4178	4136	4137	4033	4259	4201	4448	4302	4535	4639	4510	4464	4348	4454	4434	4707	4828	4829	4828	4899	5026	5049	5143	5000	5186	5081	5089	5099	5051	5048	5079	4925	5169	5376	5348	5236	5285	5254	5436	5451	5501	5523	5606	5651	5654	6061	6040	5898	5846	5972	5954	6223	900	689	3680	2251
1978	1662	1915	1238	1722	1046	1237	1391	1630	1847	1012	1232	1458	1603	1812	1157	1255	1641	617	871	996	1461	1243	531	790	1038	358	557	1127	0	366	152	375	376	426	582	555	584	697	891	816	908	1107	1130	1202	1358	1346	1356	1310	1472	1668	743	908	1145	697	508	1112	841	1274	1131	810	1257	1791	1788	1076	1331	3030	3911	3728	3245	2761	2683	3208	2920	2720	2400	3359	2292	2468	3726	2703	2347	2323	3758	3392	3076	2757	2087	2209	3722	3486	3078	2595	2295	2093	1973	1852	3577	2603	3144	2839	2297	1736	2529	2000	2971	3000	2106	2088	1738	3942	4048	3704	3476	3297	2887	2160	1940	1891	1682	1594	1643	1432	1232	225	1050	1984	1681	1739	1832	2121	1985	2138	2102	2455	2441	2288	2247	2254	2362	2360	2356	2407	2191	2459	2525	2597	2575	2641	2745	3097	2894	2884	2555	2802	2861	2974	3304	3031	3157	3132	3430	3341	3390	3271	3245	3431	3332	3489	3627	3687	3679	3825	3633	3820	3612	3842	4069	3942	3953	3882	4002	4053	4413	4468	4364	4358	4351	4391	4416	4509	4479	4652	4589	4621	4630	4661	4709	4763	4652	4884	5051	4984	4820	4835	4658	4876	4923	5012	5040	5164	5253	5355	5752	5719	5549	5401	5563	5573	5882	486	736	2877	2258
1865	1529	1749	1175	1550	989	1111	1228	1429	1624	936	1083	1269	1394	1581	995	1015	1370	543	658	754	1175	938	351	511	728	216	264	783	366	0	241	178	551	359	384	737	523	711	972	862	821	1334	1231	1244	1322	1560	1412	1458	1478	1586	977	1067	1104	1063	856	1472	1181	1633	1470	1105	1571	2062	2059	1186	1545	3217	4163	3989	3468	2912	2817	3454	3138	2910	2512	3621	2387	2653	4011	2929	2521	2492	4046	3671	3342	3000	2197	2386	4022	3784	3365	2854	2521	2280	2127	1949	3885	2908	3446	3131	2553	1907	2811	2257	3276	3305	2392	2373	1824	4211	4321	3937	3679	3473	3051	2201	2002	1891	1688	1650	1598	1426	1255	479	979	1925	1714	1823	1977	2255	1957	2079	1989	2380	2372	2240	2212	2249	2360	2360	2393	2466	2292	2604	2643	2645	2599	2610	2681	3023	2884	2912	2686	2925	2953	3080	3399	3099	3152	3107	3394	3325	3397	3303	3308	3498	3454	3597	3663	3701	3658	3835	3692	3905	3722	3954	4132	4004	3993	3904	4020	4045	4376	4455	4389	4385	4408	4482	4506	4600	4525	4705	4625	4648	4658	4660	4690	4736	4610	4847	5029	4975	4829	4857	4735	4940	4975	5049	5075	5184	5258	5325	5727	5698	5538	5424	5573	5573	5869	480	590	3181	2297
1995	1670	1909	1271	1713	1079	1244	1384	1606	1814	1036	1229	1440	1576	1775	1148	1211	1583	631	835	949	1394	1165	496	721	956	317	476	1023	152	241	0	223	350	296	435	541	467	610	835	744	793	1127	1087	1135	1264	1361	1296	1291	1393	1561	764	890	1047	837	615	1234	939	1393	1229	872	1334	1936	1933	1172	1461	3156	4053	3872	3380	2876	2793	3349	3054	2846	2503	3503	2389	2593	3874	2839	2469	2443	3906	3539	3221	2897	2188	2331	3872	3636	3226	2738	2430	2218	2088	1948	3728	2754	3295	2988	2439	1856	2676	2142	3122	3150	2254	2236	1830	4087	4194	3842	3607	3421	3007	2238	2025	1953	1745	1675	1686	1489	1298	348	1077	1886	1614	1693	1814	2098	1897	2041	1988	2353	2341	2195	2158	2175	2284	2283	2293	2353	2154	2442	2496	2539	2508	2554	2647	2997	2815	2819	2532	2776	2821	2941	3267	2982	3080	3048	3342	3260	3318	3208	3194	3382	3306	3457	3566	3618	3597	3755	3581	3779	3581	3813	4019	3892	3894	3816	3934	3976	4326	4389	4300	4295	4299	4353	4378	4472	4423	4599	4529	4558	4567	4587	4629	4680	4564	4798	4970	4907	4750	4770	4615	4827	4870	4953	4980	5098	5182	5271	5670	5638	5472	5336	5494	5500	5805	520	725	3027	2335
2043	1707	1924	1351	1725	1164	1289	1405	1600	1790	1112	1260	1443	1564	1745	1172	1182	1523	715	833	922	1323	1080	529	675	871	381	434	896	375	178	223	0	421	184	230	594	345	535	799	686	649	1191	1059	1067	1146	1410	1235	1292	1301	1418	844	908	928	1049	799	1424	1106	1577	1389	997	1467	2151	2148	1333	1660	3346	4264	4085	3583	3053	2963	3558	3255	3037	2663	3716	2543	2782	4093	3042	2654	2627	4126	3756	3435	3105	2348	2518	4093	3857	3445	2951	2634	2408	2266	2103	3951	2976	3516	3208	2651	2039	2894	2354	3343	3372	2472	2454	1980	4303	4410	4048	3802	3607	3188	2367	2163	2063	1858	1812	1773	1597	1421	555	1155	1754	1536	1647	1808	2084	1782	1908	1828	2212	2203	2068	2038	2072	2183	2183	2215	2288	2116	2434	2469	2467	2421	2436	2512	2856	2708	2735	2514	2751	2776	2905	3223	2922	2976	2933	3221	3150	3221	3126	3130	3321	3280	3422	3486	3525	3484	3658	3515	3728	3546	3779	3955	3826	3815	3727	3843	3870	4204	4280	4212	4208	4230	4305	4329	4423	4348	4527	4448	4471	4481	4484	4516	4563	4438	4675	4855	4800	4653	4680	4558	4762	4797	4872	4898	5007	5082	5152	5554	5525	5363	5247	5397	5398	5695	638	767	3249	2463
