experimentos   = 10 
promedio       = 285187.5 
d.e            = 656.2008923425136   
best           = 284526 
worst          = 286312 
tiempo_prom    = 17758.177295290203 s
tiempo_c/exp   = Any[10167.3383095, 15574.3949999, 57002.298180401, 16257.852442, 14756.1115157, 17519.4511817, 13259.5945777, 7949.404905, 14852.915357101, 10242.4114839]
criterio       = swap center random 
